2.90234 1
2.89459 1
2.72711 1
1.78465 1
2.08291 1
2.0011 1
1.86233 1
2.33628 1
2.99285 1
3.54543 1
1.00418 1
2.18287 1
2.81561 1
1.52896 1
1.9418 1
1.30537 1
1.27205 1
1.90943 1
1.49285 1
2.37271 1
0.458468 1
1.74858 1
2.97484 1
2.46022 1
2.06066 1
1.79138 1
1.93215 1
2.00567 1
0.817543 1
1.11287 1
2.66202 1
0.579472 1
2.41912 1
2.69663 1
2.13352 1
1.44324 1
2.65834 1
1.22673 1
1.47782 1
2.76402 1
1.8935 1
2.07756 1
2.38439 1
2.98454 1
1.81599 1
1.38223 1
1.47016 1
0.688104 1
1.93318 1
1.41366 1
1.35064 1
2.21946 1
2.20208 1
1.72626 1
1.45131 1
2.68557 1
0.877463 1
1.81374 1
1.48064 1
2.90699 1
2.2661 1
1.46457 1
3.59018 1
1.75606 1
1.8499 1
2.13844 1
2.66021 1
1.31834 1
2.12239 1
1.45832 1
3.24893 1
1.51675 1
2.15027 1
1.90211 1
2.39282 1
2.85706 1
2.17947 1
1.85546 1
2.45092 1
1.59166 1
1.88971 1
1.7711 1
2.48441 1
2.73893 1
1.35962 1
1.83129 1
1.95804 1
1.74083 1
0.996492 1
2.76444 1
1.20481 1
2.56588 1
2.22798 1
2.22037 1
3.79264 1
3.63479 1
0.947704 1
3.45511 1
1.12614 1
3.64157 1
1.7999 1
1.44284 1
0.633711 1
2.26236 1
2.6022 1
2.58003 1
1.61199 1
1.29704 1
1.1215 1
1.75878 1
2.22257 1
3.25368 1
1.72355 1
2.45603 1
2.59433 1
0.785711 1
1.77493 1
1.30726 1
2.08548 1
1.85649 1
1.7972 1
2.77486 1
0.955456 1
2.77977 1
2.63652 1
2.4301 1
1.40994 1
3.83147 1
1.29457 1
1.95565 1
1.72666 1
2.13924 1
1.85678 1
2.34583 1
2.06778 1
1.99608 1
2.55049 1
1.97638 1
2.38858 1
1.67452 1
1.59657 1
0.874134 1
1.71839 1
2.5419 1
1.45388 1
2.5859 1
1.22233 1
2.94177 1
2.17457 1
1.53846 1
2.65138 1
1.8915 1
1.22435 1
2.68571 1
1.39557 1
2.49698 1
0.477125 1
2.38125 1
2.1291 1
2.18201 1
2.48165 1
1.6671 1
1.68677 1
1.32944 1
1.91461 1
2.83722 1
1.77002 1
-0.129446 1
1.11083 1
2.72526 1
2.20057 1
1.64327 1
2.75933 1
2.71194 1
2.34421 1
2.33888 1
1.51764 1
0.489815 1
2.4579 1
2.50075 1
2.72396 1
2.23209 1
2.26338 1
2.12946 1
1.12791 1
2.7848 1
1.26173 1
3.0768 1
2.55593 1
3.07193 1
1.81353 1
2.05406 1
3.52827 1
2.77528 1
1.12423 1
1.95871 1
2.99407 1
1.82744 1
2.05398 1
1.58462 1
1.60252 1
2.0264 1
0.434337 1
1.32205 1
2.80192 1
1.48313 1
1.25431 1
1.95225 1
1.95319 1
1.8568 1
3.21888 1
3.4055 1
1.95975 1
2.27558 1
1.47291 1
1.52813 1
2.57155 1
2.48727 1
3.3227 1
0.536023 1
2.79211 1
2.35707 1
1.26152 1
2.31175 1
0.939301 1
1.67539 1
2.45797 1
3.44484 1
1.81826 1
1.0167 1
2.41003 1
3.05615 1
2.8325 1
1.63474 1
2.14934 1
0.76448 1
2.28031 1
1.62884 1
2.33615 1
2.57934 1
2.86948 1
1.25116 1
2.67474 1
1.98373 1
1.79794 1
2.59263 1
3.36317 1
1.38063 1
2.18088 1
1.76499 1
2.21195 1
1.76709 1
2.13667 1
2.75496 1
2.83701 1
2.54726 1
3.53512 1
1.0918 1
1.88252 1
2.19628 1
2.23902 1
1.60618 1
2.50502 1
2.94659 1
3.26966 1
1.52345 1
1.98467 1
0.653656 1
1.15383 1
1.16739 1
2.5536 1
1.6807 1
3.13398 1
1.17525 1
0.302505 1
1.93639 1
1.85708 1
2.16824 1
1.96447 1
3.43725 1
1.80448 1
2.71536 1
3.38296 1
0.734219 1
1.9957 1
1.78865 1
1.49003 1
2.01529 1
2.19536 1
0.552668 1
1.25145 1
3.29952 1
4.32513 1
1.49182 1
0.860693 1
3.17721 1
2.41026 1
1.3453 1
2.06858 1
0.0870062 1
0.792853 2
2.15802 2
2.03917 2
1.31496 2
0.39883 2
1.5031 2
1.71261 2
1.29596 2
1.79975 2
2.21799 2
2.09116 2
1.7167 2
2.08638 2
1.03364 2
0.948752 2
1.45496 2
1.59425 2
2.03716 2
2.30418 2
1.84794 2
2.31164 2
1.49663 2
1.32654 2
2.06026 2
1.37776 2
1.19017 2
0.854378 2
0.937183 2
1.22534 2
1.76147 2
1.2611 2
1.27438 2
1.95101 2
0.974051 2
1.29489 2
1.94709 2
0.823279 2
1.05491 2
1.70403 2
1.94834 2
1.35041 2
1.70056 2
0.650003 2
2.03996 2
2.01748 2
1.56818 2
0.486795 2
1.09618 2
1.75088 2
2.54019 2
1.45798 2
1.9403 2
1.73059 2
1.06897 2
1.62778 2
1.53558 2
1.56693 2
1.6564 2
1.44027 2
1.17329 2
1.00974 2
1.14797 2
2.20657 2
1.55318 2
1.21753 2
2.19031 2
1.49776 2
1.86801 2
0.831844 2
1.05709 2
1.68221 2
1.63694 2
1.49666 2
1.68016 2
1.74549 2
2.47347 2
1.96772 2
1.72816 2
1.85494 2
1.42059 2
2.24816 2
1.0183 2
1.76953 2
0.902832 2
1.51517 2
1.25321 2
1.48292 2
1.3556 2
1.50092 2
1.7132 2
2.21061 2
1.64671 2
1.28584 2
1.47897 2
0.705628 2
1.83266 2
1.96087 2
1.07193 2
0.423277 2
2.39068 2
1.7652 2
1.87102 2
0.935682 2
1.31794 2
2.23265 2
1.74103 2
1.9675 2
1.7808 2
1.22311 2
1.6129 2
1.00465 2
1.35241 2
1.71933 2
1.20188 2
2.03445 2
0.828637 2
1.68173 2
2.13667 2
2.19624 2
1.05201 2
1.65609 2
1.974 2
0.606989 2
1.65218 2
1.60059 2
1.89368 2
0.847911 2
1.63113 2
2.06152 2
1.38247 2
1.19613 2
1.20592 2
1.92276 2
1.58836 2
1.48801 2
1.31456 2
1.81404 2
1.42268 2
0.838867 2
1.29584 2
1.68287 2
2.05223 2
1.60169 2
1.50839 2
1.74425 2
1.10663 2
1.64221 2
1.44669 2
1.36119 2
1.57516 2
1.06898 2
1.29313 2
1.22138 2
2.34372 2
1.18304 2
1.66829 2
1.34629 2
0.946929 2
1.24313 2
1.90393 2
1.29366 2
2.20801 2
1.05125 2
2.20613 2
0.374816 2
2.83645 2
1.62036 2
0.928443 2
1.45131 2
0.917095 2
1.8961 2
1.78287 2
1.4632 2
1.66597 2
1.51616 2
1.77518 2
1.39656 2
1.1806 2
1.47795 2
2.02995 2
2.01687 2
2.38345 2
2.11125 2
1.79396 2
1.25755 2
1.39587 2
1.48076 2
2.18538 2
1.41119 2
0.995499 2
1.30602 2
1.54704 2
1.483 2
2.16517 2
1.69611 2
1.68201 2
1.74554 2
1.59016 2
1.4937 2
1.49021 2
2.57699 2
1.27179 2
1.67956 2
2.05169 2
1.01982 2
0.899556 2
1.26586 2
1.86569 2
0.652977 2
1.58638 2
1.52626 2
1.27305 2
2.13519 2
2.03243 2
1.32878 2
1.43764 2
1.68318 2
1.61329 2
1.68246 2
1.59024 2
0.733597 2
1.37762 2
1.56109 2
1.25288 2
2.03276 2
1.06788 2
1.74 2
1.33433 2
2.02056 2
0.500813 2
1.61872 2
1.22264 2
1.69196 2
2.14821 2
1.61924 2
1.60375 2
1.36527 2
1.76706 2
1.1192 2
1.92141 2
1.86206 2
1.22827 2
0.996484 2
1.40625 2
1.52728 2
2.04646 2
0.5228 2
1.09631 2
1.90842 2
0.510665 2
1.84824 2
0.956213 2
1.37511 2
1.14146 2
1.40146 2
1.18497 2
2.02415 2
1.21961 2
2.54804 2
1.52025 2
2.09625 2
1.55785 2
1.55362 2
1.35232 2
1.16879 2
1.17611 2
1.68046 2
0.886689 2
0.209907 2
1.03991 2
1.57562 2
1.89489 2
1.71602 2
2.49158 2
1.1942 2
1.56929 2
2.36087 2
1.90353 2
1.9518 2
0.999925 2
1.16025 2
1.19286 2
1.51296 2
1.33263 2
1.52275 2
1.21176 2
1.56948 2
1.81335 2
2.1395 2
0.948388 2
0.961634 2
1.03659 2
1.47452 2
1.62851 2
1.70927 2
0.869362 2
1.45917 2
1.58287 2
1.67724 2
1.08833 2
1.31786 2
1.35372 2
1.2637 2
1.89483 2
1.8866 2
2.01538 2
1.37837 2
2.51633 2
1.51476 2
1.08969 2
1.60457 2
1.38323 2
1.45101 2
1.08879 2
1.86146 2
1.88042 2
1.41809 2
1.59387 2
1.51144 2
2.23711 2
1.55729 2
1.88044 2
1.3083 2
2.71958 2
1.40469 2
1.04887 2
1.96118 2
1.71187 2
1.21931 2
1.61991 2
1.57443 2
1.39656 2
2.82788 2
0.991648 2
1.6458 2
1.00296 2
0.781703 2
0.976259 2
1.16182 2
1.33038 2
0.902324 2
1.536 2
2.57722 2
1.15776 2
2.40823 2
1.34696 2
1.18699 2
2.2572 2
2.20734 2
1.97613 2
1.76029 2
1.54875 2
1.65149 2
1.19083 2
2.07537 2
1.46959 2
1.99079 2
1.22145 2
2.21618 2
1.10616 2
1.48233 2
1.55532 2
1.27416 2
1.47135 2
0.606524 2
0.505659 2
1.38522 2
2.13826 2
1.76097 2
0.844294 2
0.98855 2
1.26873 2
1.7994 2
1.68104 2
0.815502 2
1.3725 2
1.69644 2
2.21176 2
2.07101 2
1.021 2
1.23447 2
0.81129 2
1.6884 2
0.739308 2
1.6852 2
0.757747 2
1.9148 2
1.42452 2
1.12659 2
0.845505 2
2.2811 2
1.58291 2
1.92378 2
1.18046 2
2.1272 2
1.06314 2
1.12593 2
1.69012 2
0.822111 2
2.05519 2
1.38592 2
1.23621 2
1.46506 2
1.29288 2
0.278157 2
1.29954 2
0.746952 2
0.970409 2
1.14964 2
1.73062 2
2.2714 2
1.15147 2
1.71566 2
0.899701 2
1.74912 2
1.8054 2
1.67714 2
1.76122 2
1.73226 2
1.48232 2
1.51432 2
1.84825 2
1.10278 2
1.94168 2
0.84534 2
0.820355 2
1.42267 2
1.12582 2
1.21897 2
0.802309 2
1.17181 2
1.06878 2
0.918559 2
1.74927 2
1.5692 2
1.92108 2
1.17817 2
1.51152 2
1.86245 2
0.933664 2
2.22768 2
1.41986 2
1.94545 2
2.14166 2
1.54834 2
1.30694 2
1.98353 2
2.19587 2
1.08917 2
1.37534 2
1.25719 2
1.43257 2
1.58982 2
1.40444 2
1.928 2
2.09169 2
1.83941 2
1.5073 2
1.36396 2
1.43043 2
0.724419 2
1.62479 2
0.946853 2
0.850137 2
1.76264 2
2.75875 2
1.19948 2
1.59836 2
1.03021 2
1.92785 2
1.23581 2
1.90897 2
1.31931 2
1.45691 2
1.61683 2
1.32894 2
2.11134 2
1.58297 2
2.11532 2
1.66029 2
1.70445 2
1.6049 2
1.40135 2
1.52583 2
1.80025 2
2.49723 2
0.876183 2
1.74061 2
1.30307 2
1.75664 2
1.26225 2
1.55585 2
1.40437 2
1.28012 2
1.27035 2
1.93053 2
2.44757 2
0.900603 2
1.96534 2
1.48332 2
1.57777 2
0.706345 2
1.03946 2
2.25911 2
1.36953 2
1.20753 2
0.255073 2
1.74064 2
1.80959 2
1.82986 2
1.23598 2
1.4877 2
1.34375 2
0.578964 2
1.69166 2
1.0753 2
1.92154 2
1.51796 2
1.41312 2
1.41767 2
1.2557 2
1.82074 2
1.92851 2
1.4217 2
1.87532 2
1.62823 2
1.38775 2
1.32929 2
1.46624 2
1.61825 2
2.30458 2
2.08618 2
1.23605 2
0.875896 2
1.09781 2
1.47296 2
2.01216 2
1.79855 2
2.23747 2
1.32908 2
1.21807 2
0.968322 2
1.76432 2
1.7414 2
0.859029 2
1.2068 2
1.09301 2
1.99341 2
1.7397 2
1.8184 2
2.00956 2
2.40167 2
1.0781 2
1.82944 2
1.66504 2
1.59495 2
1.97095 2
0.675973 2
2.44891 2
2.4979 2
1.50782 2
1.65075 2
0.796538 2
2.02437 2
1.25111 2
2.68219 2
1.00434 2
1.47154 2
0.980094 2
1.18116 2
1.33642 2
1.19548 2
1.21433 2
0.731499 2
1.53127 2
1.903 2
1.9903 2
1.48722 2
2.41731 2
1.22972 2
1.27685 2
1.71851 2
0.900801 2
1.25915 2
1.18647 2
2.44682 2
2.18488 2
1.61308 2
1.57866 2
1.69292 2
0.903095 2
1.32395 2
1.1319 2
1.85501 2
1.58786 2
1.90997 2
1.17284 2
0.818146 2
1.28378 2
1.28921 2
2.36622 2
0.96682 2
0.897157 2
2.07071 2
1.51201 2
1.6759 2
1.29973 2
1.66363 2
1.00848 2
1.39625 2
1.91244 2
1.44353 2
2.19986 2
1.4187 2
1.78666 2
1.03131 2
1.63486 2
1.29104 2
0.873931 2
2.37885 2
2.19631 2
1.32874 2
2.45763 2
1.9823 2
1.05459 2
1.81952 2
1.15771 2
2.78685 2
1.2447 2
1.36619 2
1.37184 2
1.75612 2
1.6648 2
1.8201 2
1.40008 2
1.05886 2
1.31622 2
2.55078 2
2.54194 2
2.03186 2
2.00163 2
1.16246 2
1.11628 2
1.73016 2
1.14153 2
1.78952 2
1.13356 2
1.40195 2
1.10561 2
1.73202 2
1.22764 2
1.96567 2
1.61148 2
0.891727 2
1.12164 2
1.88424 2
1.24576 2
1.67427 2
1.43288 2
0.947856 2
1.53643 2
1.40328 2
1.64418 2
2.48636 2
1.71451 2
1.64689 2
1.28694 2
2.25359 2
1.66228 2
1.75679 2
1.51146 2
1.54278 2
2.31006 2
1.41322 2
1.49791 2
2.36439 2
0.944053 2
1.8801 2
1.8395 2
0.887788 2
1.75201 2
1.51891 2
1.87105 2
1.827 2
1.3648 2
0.63261 2
0.653102 2
1.25664 2
0.992199 2
1.35822 2
1.42608 2
1.38057 2
1.69373 2
1.41054 2
1.50016 2
1.94084 2
1.46827 2
2.07135 2
1.68618 2
1.96431 2