1.46097 1
2.27484 1
1.68609 1
1.70167 1
2.47065 1
1.04918 1
1.5475 1
3.59075 1
1.81227 1
2.42719 1
2.2478 1
1.46545 1
2.25082 1
2.11167 1
1.0138 1
1.11844 1
1.22033 1
2.72711 1
2.10719 1
1.63457 1
3.46715 1
1.06892 1
2.8263 1
2.6979 1
2.0975 1
1.41506 1
1.7221 1
3.18456 1
2.00048 1
2.06496 1
3.32382 1
1.4057 1
2.84129 1
0.909742 1
0.785997 1
2.61483 1
3.06125 1
1.85127 1
2.1941 1
1.16649 1
1.93728 1
1.75162 1
1.21202 1
2.07411 1
3.50245 1
1.53397 1
2.70706 1
2.16089 1
2.61965 1
2.16211 1
2.04592 1
1.30042 1
1.20945 1
1.65629 1
2.10912 1
1.47247 1
2.08681 1
1.47414 1
1.76208 1
1.10235 1
1.09661 1
1.90074 1
2.04256 1
2.80368 1
1.65194 1
1.91328 1
1.75458 1
1.65877 1
1.92947 1
1.54654 1
2.45841 1
1.47336 1
2.11014 1
1.07816 1
1.91814 1
1.92461 1
2.41565 1
1.85653 1
2.01681 1
3.18674 1
1.52703 1
3.26438 1
2.07196 1
2.34561 1
1.85422 1
2.41971 1
2.05918 1
2.14827 1
2.19375 1
0.978799 1
1.59031 1
1.57382 1
2.95848 1
1.13156 1
3.01688 1
1.88364 1
2.08451 1
1.3063 1
1.59697 1
0.727887 1
2.18673 1
2.32781 1
1.61208 1
1.28653 1
2.32752 1
1.69932 1
1.45728 1
1.75306 1
3.52499 1
1.91488 1
1.50283 1
0.982537 1
1.67031 1
1.84479 1
1.3455 1
2.95553 1
0.87498 1
1.80934 1
1.54691 1
1.81023 1
1.08879 1
1.01388 1
1.53731 1
2.00736 1
2.16638 1
1.63335 1
2.12797 1
1.5862 1
1.34499 1
2.35588 1
2.56386 1
3.08547 1
2.72827 1
2.75098 1
1.61243 1
1.99758 1
1.08925 1
1.6513 1
2.54616 1
0.896704 1
2.31474 1
2.73631 1
1.92636 1
1.97885 1
2.04912 1
1.88648 1
2.07233 1
3.28106 1
1.47852 1
2.14142 1
1.44647 1
2.97518 1
1.6338 1
1.00423 1
2.01429 1
2.0554 1
2.8242 1
1.67806 1
2.26141 1
2.75517 1
0.804151 1
1.57272 1
1.61029 1
1.36938 1
2.10009 1
2.03089 1
2.05352 1
1.90209 1
2.54736 1
1.49426 1
3.09887 1
0.366887 1
2.18427 1
3.1194 1
0.187989 1
2.27984 1
3.62295 1
2.88236 1
2.52129 1
0.879285 1
3.06289 1
1.86131 1
0.987127 1
2.29091 1
1.08594 1
2.816 1
1.84752 1
2.6652 1
0.37863 1
1.8672 1
2.47084 1
1.43304 1
1.37857 1
0.922733 1
2.06131 1
2.30611 1
2.66166 1
1.58087 1
1.8889 1
3.28685 1
2.23458 1
0.959613 1
2.34445 1
1.21802 1
2.24705 1
1.91256 1
1.46055 1
1.96515 1
3.04633 1
3.87922 1
2.09714 1
2.2711 1
0.889005 1
1.9117 1
3.06676 1
2.41133 1
1.55442 1
2.80421 1
1.44915 1
2.87098 1
0.569079 1
1.71957 1
1.66071 1
2.03266 1
1.93149 1
2.27709 1
1.24479 1
2.19442 1
1.12778 1
2.88193 1
3.59686 1
1.79359 1
3.06793 1
3.32883 1
1.1799 1
0.701647 1
1.53088 1
1.04741 1
3.22187 1
1.82325 1
1.3699 1
2.48468 1
1.94518 1
1.65491 1
1.76522 1
1.42672 1
1.852 1
2.96075 1
0.449201 1
3.0264 1
3.36779 1
2.65611 1
1.65109 1
-0.180137 1
1.77098 1
2.71875 1
1.71041 1
1.20069 1
1.38694 1
2.15445 1
1.17596 1
1.81031 1
3.46676 1
0.338817 1
1.58707 1
2.90905 1
1.37758 1
2.46055 1
2.24191 1
0.244299 1
1.60596 1
2.49728 1
2.52721 1
1.71122 1
2.55105 1
1.42819 1
2.38244 1
2.00099 1
1.18587 1
2.53554 1
3.01363 1
1.24044 1
3.19839 1
0.794129 1
1.00278 1
0.870791 1
3.57909 1
1.63399 1
1.92045 1
2.43377 1
2.18877 1
2.63659 1
1.22727 1
1.62375 1
1.77283 1
2.36888 1
1.30519 1
1.13654 1
2.36391 1
2.73188 1
3.26068 1
1.50579 1
0.894911 1
2.70379 1
2.81362 1
-0.182003 1
3.47945 1
2.29037 1
0.551656 1
2.11312 1
1.29538 1
2.3823 1
1.88587 1
1.92931 1
1.16697 1
1.31183 1
2.94901 1
1.53337 1
1.66966 1
2.10679 1
2.39045 1
1.95888 1
2.54748 1
2.21041 1
1.4127 1
2.55156 1
1.58958 1
2.26028 1
2.67717 1
1.5776 1
2.05316 1
1.7945 1
1.53955 1
2.03231 1
0.872331 1
1.99355 1
2.05427 1
2.32485 1
1.96382 1
1.99799 1
2.37585 1
0.844622 1
1.97335 1
2.59865 1
0.75524 1
1.09739 1
2.35855 1
2.29495 1
0.728163 1
3.42177 1
0.76654 1
2.12288 1
2.20548 1
1.69981 1
2.55164 1
1.52057 1
2.08674 1
2.51422 1
1.93389 1
1.72103 1
1.76888 1
2.23899 1
2.39781 1
0.86855 1
2.82403 1
1.89427 1
1.2739 1
2.15883 1
3.28043 1
2.43959 1
2.65701 1
3.21325 1
2.9044 1
2.14767 1
2.29902 1
2.2562 1
1.31846 1
1.34927 1
2.70732 1
2.36616 1
1.50223 1
1.2379 1
2.64987 1
2.01161 1
1.13575 1
1.12995 1
1.93912 1
2.74246 1
1.35218 1
2.28301 1
3.49817 1
2.83165 1
1.42652 1
3.4676 1
1.53965 1
1.95239 1
1.36789 1
1.19465 1
1.75522 1
2.22113 1
2.98053 1
1.8178 1
1.95319 1
2.69103 1
2.40384 1
2.8221 1
1.14234 1
3.52133 1
2.30428 1
1.16278 1
1.94985 1
1.51066 1
1.20036 1
2.14431 1
2.20537 1
0.775419 1
1.40847 1
1.53875 1
0.956303 1
3.05321 1
1.9316 1
2.45565 1
1.81861 1
2.19722 1
1.42472 1
2.05847 1
0.077558 1
1.31548 1
2.13955 1
3.01326 1
0.479269 1
2.92393 1
1.41858 1
1.18154 1
0.771502 1
2.23893 1
1.17679 1
1.55477 1
1.31932 1
0.516125 1
2.69839 1
2.34028 1
0.945015 1
2.04909 1
2.43523 1
2.2786 1
2.33832 1
2.30411 1
2.01673 1
1.10872 1
2.3193 1
2.77637 1
1.72969 1
2.89119 1
2.563 1
1.62461 1
1.92278 1
2.60444 1
1.96689 1
1.6605 1
1.90463 1
1.42534 1
2.96728 1
1.55907 1
2.43918 1
1.95584 1
1.93457 1
0.906569 1
0.732323 1
2.78698 1
3.66005 1
1.85372 1
1.67284 1
2.3079 1
0.643045 1
2.94789 1
1.76105 1
1.58612 1
1.65566 1
2.49502 1
2.82823 1
0.663424 1
2.92705 1
1.93032 1
3.57591 1
3.0194 1
3.13873 1
2.81156 1
3.19249 1
1.87486 1
1.42641 1
1.84287 1
1.52741 1
2.4518 1
2.14435 1
1.98812 1
2.62348 1
2.79483 1
4.04035 1
1.77437 1
1.81602 2
1.69069 2
1.33946 2
1.45449 2
1.55595 2
1.91972 2
1.54683 2
1.49366 2
2.06205 2
0.784206 2
1.26404 2
1.49266 2
1.00302 2
0.985459 2
1.45974 2
1.02302 2
1.3407 2
1.43693 2
1.8298 2
2.50816 2
2.24204 2
1.37887 2
1.21715 2
1.46772 2
1.57938 2
1.09634 2
1.38146 2
1.58654 2
1.02864 2
1.18735 2
0.859696 2
1.61447 2
1.59239 2
1.84956 2
1.36803 2
1.83307 2
1.52895 2
0.922699 2
2.26034 2
1.16963 2
0.645938 2
2.03429 2
1.61026 2
1.22987 2
1.63412 2
1.97584 2
1.90254 2
1.47673 2
1.19061 2
1.74241 2
1.89191 2
0.792658 2
1.61376 2
1.35667 2
1.17351 2
1.85168 2
0.894277 2
2.19154 2
1.56808 2
1.33193 2
1.25578 2
1.78153 2
0.993327 2
1.7094 2
1.655 2
0.727742 2
0.888859 2
1.4286 2
1.25701 2
0.815492 2
1.15175 2
1.52953 2
1.03714 2
1.49976 2
1.37596 2
1.84025 2
1.76479 2
1.06637 2
0.800971 2
1.17193 2
1.73 2
1.17793 2
2.02679 2
0.702554 2
2.06736 2
1.45993 2
1.72739 2
1.66733 2
1.75766 2
1.84609 2
1.52288 2
1.75832 2
1.49658 2
1.48039 2
1.28242 2
1.92436 2
0.845955 2
1.09167 2
0.929467 2
1.31763 2
1.12017 2
1.85034 2
0.787629 2
1.47232 2
1.26332 2
1.35374 2
1.67235 2
1.14632 2
2.3281 2
2.35849 2
0.970465 2
1.63458 2
1.06718 2
1.74524 2
2.82057 2
1.16965 2
1.47036 2
1.19237 2
1.85148 2
1.68874 2
1.03852 2
1.99332 2
1.4108 2
1.56995 2
1.42948 2
1.25462 2
2.38536 2
0.772324 2
1.29815 2
1.96524 2
1.80548 2
1.89452 2
1.55836 2
1.67133 2
0.690072 2
1.34319 2
0.753475 2
1.41114 2
1.39471 2
1.75255 2
1.14459 2
1.605 2
1.41758 2
1.17633 2
1.41687 2
1.53681 2
2.14519 2
2.11106 2
1.33453 2
1.57414 2
1.44077 2
0.999309 2
1.63172 2
1.48327 2
1.61103 2
0.826397 2
1.89395 2
1.04825 2
0.94277 2
1.68363 2
1.77674 2
1.94039 2
1.21153 2
1.28716 2
0.541544 2
1.7263 2
2.15427 2
1.73512 2
1.30589 2
1.28278 2
2.08635 2
1.43079 2
1.10202 2
1.47234 2
1.08221 2
1.2553 2
1.36862 2
1.31716 2
1.60431 2
2.032 2
1.70305 2
1.62128 2
1.22728 2
1.96408 2
1.28129 2
1.28068 2
1.38256 2
1.96724 2
1.74222 2
1.47248 2
1.71779 2
1.99778 2
1.65591 2
1.24012 2
1.897 2
1.76277 2
2.15065 2
2.02692 2
2.23919 2
1.39243 2
1.62764 2
2.0175 2
1.49218 2
1.49274 2
1.50249 2
1.17172 2
1.02287 2
1.35057 2
2.69383 2
1.81752 2
1.33995 2
1.48796 2
1.5786 2
1.99639 2
1.43085 2
1.19838 2
0.911139 2
1.70399 2
1.75078 2
2.1422 2
1.35238 2
1.26176 2
1.18702 2
1.12547 2
1.49291 2
1.88668 2
1.28302 2
1.29797 2
1.41104 2
2.18208 2
1.56028 2
1.30679 2
1.77632 2
1.75206 2
1.26322 2
0.082163 2
1.51212 2
1.75012 2
1.20387 2
0.933133 2
1.65481 2
1.62083 2
0.947736 2
1.96513 2
1.96471 2
1.87624 2
1.26931 2
0.998996 2
2.11211 2
1.63494 2
0.903077 2
0.275209 2
1.85825 2
0.630665 2
1.5953 2
0.919531 2
1.37695 2
1.80586 2
1.28145 2
2.10035 2
0.273035 2
0.553344 2
1.47643 2
1.8088 2
1.34856 2
1.36704 2
1.37296 2
1.6842 2
1.09961 2
1.88988 2
1.99834 2
1.03048 2
1.34735 2
2.1634 2
1.81472 2
1.30989 2
1.57496 2
1.14947 2
0.9575 2
1.54219 2
0.566528 2
1.25906 2
2.14275 2
1.13698 2
2.09324 2
1.06914 2
0.821575 2
1.59534 2
2.20171 2
1.24842 2
1.16676 2
1.54586 2
1.89423 2
1.23787 2
1.91278 2
0.745756 2
1.20756 2
1.08478 2
1.21873 2
1.88313 2
1.0565 2
1.39555 2
1.45792 2
1.36032 2
0.662751 2
1.72575 2
1.65108 2
0.875124 2
1.07888 2
1.28443 2
2.2266 2
0.360722 2
1.30698 2
1.83189 2
1.63846 2
1.92256 2
1.16338 2
1.41755 2
1.13004 2
1.96012 2
1.96651 2
1.58404 2
1.23964 2
2.69508 2
2.33399 2
1.73532 2
1.22354 2
1.31331 2
1.4557 2
1.12817 2
1.49668 2
1.66903 2
0.519906 2
2.2827 2
1.01659 2
1.97118 2
0.983582 2
1.82398 2
1.4323 2
2.3209 2
1.61228 2
1.51084 2
1.38802 2
1.77658 2
1.98929 2
0.654389 2
1.70463 2
1.78135 2
-0.111182 2
0.857361 2
1.68681 2
0.947537 2
1.53563 2
1.19805 2
0.835516 2
0.936565 2
0.491874 2
1.46053 2
1.07191 2
1.59243 2
2.14677 2
1.04261 2
1.61636 2
1.24382 2
1.68972 2
1.40779 2
0.751181 2
1.42849 2
2.02525 2
1.49061 2
1.68695 2
1.19445 2
1.43923 2
1.61634 2
1.40633 2
1.61126 2
1.54303 2
0.604172 2
1.35308 2
2.14966 2
1.68627 2
2.05489 2
0.416595 2
2.224 2
1.22052 2
1.53087 2
1.08554 2
2.11043 2
1.55472 2
1.46011 2
1.04603 2
1.34922 2
1.31393 2
1.3739 2
2.04647 2
1.50246 2
1.17316 2
1.6836 2
1.36018 2
0.826431 2
1.07942 2
1.97095 2
1.89865 2
1.12977 2
0.966604 2
1.65024 2
1.39335 2
1.39809 2
1.85123 2
1.66953 2
1.343 2
2.19478 2
1.37894 2
0.917793 2
1.20964 2
1.63316 2
1.21919 2
1.11938 2
1.1701 2
1.09537 2
2.09806 2
1.55102 2
2.02136 2
1.41425 2
0.712565 2
1.30574 2
1.25764 2
1.7057 2
1.29075 2
1.42239 2
2.27608 2
2.26206 2
1.81569 2
1.382 2
1.93277 2
1.49155 2
1.43872 2
2.31549 2
1.76689 2
1.73276 2
1.38355 2
2.18931 2
1.17915 2
1.1932 2
1.46476 2
1.11133 2
0.941449 2
1.93379 2
1.80812 2
1.68167 2
1.35229 2
1.29455 2
1.92133 2
1.87617 2
0.733267 2
1.36259 2
1.05655 2
1.12755 2
1.87218 2
1.45812 2
1.99278 2
0.541117 2
1.85619 2
1.55174 2
1.8199 2
1.55328 2
1.06112 2
1.02771 2
1.93563 2
1.33276 2
1.71899 2
2.08304 2
1.79073 2
1.75819 2
1.19219 2
1.29042 2
1.48003 2
2.06878 2
1.07416 2
1.09336 2
0.999573 2
1.02309 2
2.2946 2
1.60003 2
2.14014 2
1.54344 2
0.723804 2
1.45403 2
0.666791 2
2.06305 2
1.75939 2
1.62091 2
1.30437 2
1.97756 2
1.9436 2
1.33067 2
1.56833 2
1.13486 2
2.0924 2
1.00589 2